00000000000000000000
00000000000000000000
00000000000000000000
00000000000000000000
00000000111100000000
00000001100110000000
00000001000011000000
00000001000001000000
00000001000001000000
00000011000001000000
00000010000001000000
00000011000001000000
00000001000001000000
00000001000001000000
00000001110011000000
00000000011110000000
00000000000000000000
00000000000000000000
00000000000000000000
00000000000000000000
#0
--
00000000000000000000
00000000000000000000
00000000000000000000
00000000000000000000
00000000010000000000
00000000010000000000
00000000010000000000
00000000010000000000
00000000010000000000
00000000010000000000
00000000100000000000
00000000100000000000
00000000100000000000
00000000100000000000
00000000100000000000
00000000100000000000
00000000100000000000
00000000000000000000
00000000000000000000
00000000000000000000
#1
--
00000000000000000000
00000000000000000000
00000000000000000000
00000000000000000000
00000001110000000000
00000111011000000000
00000100001100000000
00000000000100000000
00000000001100000000
00000000001000000000
00000000011000000000
00000000010000000000
00000001110000000000
00001111000000000000
00000111110000000000
00000000001111000000
00000000000000000000
00000000000000000000
00000000000000000000
00000000000000000000
#2
--
00000000000000000000
00000000000000000000
00000000000000000000
00000000000000000000
00000001111100000000
00000010000010000000
00000000000010000000
00000000000110000000
00000000111100000000
00000000011000000000
00000000000100000000
00000000000110000000
00000000000010000000
00000011000110000000
00000001111100000000
00000000000000000000
00000000000000000000
00000000000000000000
00000000000000000000
00000000000000000000
#3
--
00000000000000000000
00000000000000000000
00000000000000000000
00000000000000000000
00000001000100000000
00000011000100000000
00000010000100000000
00000110000100000000
00000111111111110000
00000000000100000000
00000000000100000000
00000000001100000000
00000000001000000000
00000000001000000000
00000000001000000000
00000000001000000000
00000000000000000000
00000000000000000000
00000000000000000000
00000000000000000000
#4
--
00000000000000000000
00000000000000000000
00000000000000000000
00000000000000000000
00000011111111000000
00000010000000000000
00000010000000000000
00000010000000000000
00000011110000000000
00000000011000000000
00000000001100000000
00000000000100000000
00000000000100000000
00000010000100000000
00000011001100000000
00000001111000000000
00000000000000000000
00000000000000000000
00000000000000000000
00000000000000000000
#5
--
00000000000000000000
00000000000000000000
00000000000000000000
00000000001000000000
00000000011000000000
00000000010000000000
00000000100000000000
00000000100000000000
00000001100000000000
00000001000000000000
00000001111110000000
00000001000011000000
00000001000001000000
00000001100001000000
00000000110011000000
00000000011110000000
00000000000000000000
00000000000000000000
00000000000000000000
00000000000000000000
#6
--
00000000000000000000
00000000000000000000
00000000000000000000
00000111111100000000
00000000000100000000
00000000000100000000
00000000001100000000
00000000001000000000
00000000001000000000
00000000011000000000
00000000010000000000
00000000010000000000
00000000110000000000
00000000100000000000
00000001100000000000
00000001000000000000
00000001000000000000
00000000000000000000
00000000000000000000
00000000000000000000
#7
--
00000000000000000000
00000000000000000000
00000000000000000000
00000011111100000000
00000010000010000000
00000011000110000000
00000001100100000000
00000000111100000000
00000000001110000000
00000000011011000000
00000000010001000000
00000000100001000000
00000000100001000000
00000000110111000000
00000000011100000000
00000000000000000000
00000000000000000000
00000000000000000000
00000000000000000000
00000000000000000000
#8
--
00000000000000000000
00000000000000000000
00000000000000000000
00000000000000000000
00000001111000000000
00000011001000000000
00000110001000000000
00000100011000000000
00000111111000000000
00000000001000000000
00000000001000000000
00000000001000000000
00000000011000000000
00000000010000000000
00000000010000000000
00000000010000000000
00000000000000000000
00000000000000000000
00000000000000000000
00000000000000000000
#9
--
00000000000000000000
00000000000000000000
00000000000000000000
00000000000000000000
00000000011000000000
00000000111100000000
00000001100111000000
00000001000001000000
00000001000001000000
00000011000001000000
00000010000001000000
00000010000001000000
00000011000011000000
00000001000110000000
00000001001100000000
00000001111000000000
00000000000000000000
00000000000000000000
00000000000000000000
00000000000000000000
#0
--
00000000000000000000
00000000000000000000
00000000000000000000
00000000000000000000
00000000010000000000
00000000010000000000
00000000010000000000
00000000010000000000
00000000010000000000
00000000010000000000
00000000010000000000
00000000010000000000
00000000010000000000
00000000010000000000
00000000010000000000
00000000110000000000
00000000000000000000
00000000000000000000
00000000000000000000
00000000000000000000
#1
--
00000000000000000000
00000000000000000000
00000000000000000000
00000000000000000000
00000011111110000000
00000110000010000000
00001100000010000000
00000000000010000000
00000000000010000000
00000000000010000000
00000000000100000000
00000000001100000000
00000001111000000000
00000001111111100000
00000000000000110000
00000000000000000000
00000000000000000000
00000000000000000000
00000000000000000000
00000000000000000000
#2
--
00000000000000000000
00000000000000000000
00000000000000000000
00000000000000000000
00000011111110000000
00000110000010000000
00000000000010000000
00000000001100000000
00000000111000000000
00000000111000000000
00000000000110000000
00000000000010000000
00000110000010000000
00000011001110000000
00000001111000000000
00000000000000000000
00000000000000000000
00000000000000000000
00000000000000000000
00000000000000000000
#3
--
00000000000000000000
00000000000000000000
00000000000000000000
00000000000000000000
00000010001000000000
00000110001000000000
00000100001000000000
00001100001000000000
00011000001000100000
00011111111111000000
00000000010000000000
00000000010000000000
00000000010000000000
00000000010000000000
00000000100000000000
00000000100000000000
00000000100000000000
00000000100000000000
00000000000000000000
00000000000000000000
#4
--
00000000000000000000
00000000000000000000
00000000000000000000
00000000000111000000
00000001111100000000
00000001000000000000
00000001000000000000
00000001000000000000
00000011111000000000
00000000001100000000
00000000000100000000
00000000000110000000
00000000000010000000
00000011000100000000
00000001111100000000
00000000011000000000
00000000000000000000
00000000000000000000
00000000000000000000
00000000000000000000
#5
--
00000000000000000000
00000000000000000000
00000000000000000000
00000000001100000000
00000000001000000000
00000000010000000000
00000000010000000000
00000000100000000000
00000000100000000000
00000000101100000000
00000000111111000000
00000001100001100000
00000001100000100000
00000000100001100000
00000000110011000000
00000000011110000000
00000000000000000000
00000000000000000000
00000000000000000000
00000000000000000000
#6
--
00000000000000000000
00000000000000000000
00000000000000000000
00000000000000000000
00000011111111000000
00000000000001000000
00000000000010000000
00000000000010000000
00000000000110000000
00000000000100000000
00000000000100000000
00000000001100000000
00000000001000000000
00000000001000000000
00000000011000000000
00000000010000000000
00000000010000000000
00000000010000000000
00000000000000000000
00000000000000000000
#7
--
00000000000000000000
00000000000000000000
00000000000000000000
00000000000000000000
00000000111110000000
00000001100011000000
00000001000010000000
00000001001110000000
00000001111000000000
00000000110000000000
00000001111000000000
00000001001100000000
00000001000100000000
00000001001100000000
00000001111000000000
00000000000000000000
00000000000000000000
00000000000000000000
00000000000000000000
00000000000000000000
#8
--
00000000000000000000
00000000000000000000
00000000000000000000
00000000000000000000
00000001111000000000
00000011001100000000
00000010000100000000
00000010001100000000
00000011111100000000
00000000000100000000
00000000000100000000
00000000001000000000
00000000001000000000
00000000001000000000
00000000001000000000
00000000001000000000
00000000000000000000
00000000000000000000
00000000000000000000
00000000000000000000
#9
--
00000000000000000000
00000000000000000000
00000000000000000000
00000000000000000000
00000000011000000000
00000000111100000000
00000000100110000000
00000001100010000000
00000001000010000000
00000011000010000000
00000010000010000000
00000010000010000000
00000011000010000000
00000001000100000000
00000001111100000000
00000000110000000000
00000000000000000000
00000000000000000000
00000000000000000000
00000000000000000000
#0
--
00000000000000000000
00000000000000000000
00000000000000000000
00000000000000000000
00000000010000000000
00000000010000000000
00000000010000000000
00000000010000000000
00000000010000000000
00000000010000000000
00000000010000000000
00000000010000000000
00000000010000000000
00000000010000000000
00000000010000000000
00000000010000000000
00000000000000000000
00000000000000000000
00000000000000000000
00000000000000000000
#1
--
00000000000000000000
00000000000000000000
00000000000000000000
00000000000000000000
00000000000000000000
00000011111000000000
00000110001100000000
00000000000100000000
00000000000100000000
00000000000100000000
00000000001000000000
00000000011000000000
00000000110000000000
00000111100110000000
00000000011100000000
00000000000000000000
00000000000000000000
00000000000000000000
00000000000000000000
00000000000000000000
#2
--
00000000000000000000
00000000000000000000
00000000000000000000
00000000000000000000
00000011111110000000
00000010000010000000
00000000000010000000
00000000000010000000
00000000111110000000
00000000000110000000
00000000000010000000
00000010000010000000
00000011000110000000
00000001111100000000
00000000000000000000
00000000000000000000
00000000000000000000
00000000000000000000
00000000000000000000
00000000000000000000
#3
--
00000000000000000000
00000000000000000000
00000000000000000000
00000000000000000000
00000001001000000000
00000001001000000000
00000001001000000000
00000010001000000000
00000010001000000000
00000110001000000000
00000100001001100000
00000111111111000000
00000000001000000000
00000000001000000000
00000000001000000000
00000000001000000000
00000000001000000000
00000000000000000000
00000000000000000000
00000000000000000000
#4
--
00000000000000000000
00000000000000000000
00000000000000000000
00000000000000000000
00000001111111100000
00000001000000000000
00000001000000000000
00000001000000000000
00000011111000000000
00000011001100000000
00000000000010000000
00000000000011000000
00000000000001000000
00000000000001000000
00000001000001000000
00000001100011000000
00000000011110000000
00000000000000000000
00000000000000000000
00000000000000000000
#5
--
00000000000000000000
00000000000000000000
00000000000000000000
00000000001000000000
00000000010000000000
00000000100000000000
00000001100000000000
00000001000000000000
00000011000000000000
00000010000000000000
00000011111000000000
00000110001000000000
00000100001000000000
00000100001000000000
00000100001000000000
00000110011000000000
00000011110000000000
00000000000000000000
00000000000000000000
00000000000000000000
#6
--
00000000000000000000
00000000000000000000
00000000000000000000
00000011111111000000
00000000000001000000
00000000000001000000
00000000000001000000
00000000000010000000
00000000000010000000
00000000000010000000
00000000000100000000
00000000000100000000
00000000000100000000
00000000001100000000
00000000001000000000
00000000001000000000
00000000010000000000
00000000010000000000
00000000000000000000
00000000000000000000
#7
--
00000000000000000000
00000000000000000000
00000000000000000000
00000000111100000000
00000000100110000000
00000001000010000000
00000001000010000000
00000001100110000000
00000000110100000000
00000000011110000000
00000000001011000000
00000000011001100000
00000000010000100000
00000000010000100000
00000000010011000000
00000000011110000000
00000000000000000000
00000000000000000000
00000000000000000000
00000000000000000000
#8
--
00000000000000000000
00000000000000000000
00000000011111000000
00000000111111000000
00000001100001000000
00000001000001000000
00000001100011000000
00000000111110000000
00000000000010000000
00000000000010000000
00000000000010000000
00000000000100000000
00000000000100000000
00000000000100000000
00000000001100000000
00000000001000000000
00000000001000000000
00000000000000000000
00000000000000000000
00000000000000000000
#9
--
